#Colorbar for MLT line plots matching color palette of SuperMAG SMRhh
255 194 1
255 191 1
255 188 1
255 185 1
255 182 1
255 179 1
255 176 1
255 173 1
255 170 1
255 167 1
255 164 1
255 160 1
255 157 1
255 154 1
255 151 1
255 148 1
255 145 1
255 142 1
255 139 1
255 136 1
255 133 1
255 130 1
255 127 1
255 124 0
255 121 0
255 118 0
255 115 0
255 112 0
255 109 0
255 106 0
255 103 0
255 100 0
255 97 0
255 94 0
255 91 0
255 87 0
255 84 0
255 81 0
255 78 0
255 75 0
255 72 0
255 69 0
255 66 0
255 63 0
255 60 0
255 57 0
255 54 0
255 51 0
255 48 0
255 45 0
255 42 0
255 39 0
255 36 0
255 33 0
255 30 0
255 27 0
255 24 0
255 21 0
255 17 0
255 14 0
255 11 0
255 8 0
255 5 0
255 2 0
255 0 1
251 0 5
247 0 9
243 0 13
239 0 17
235 0 21
231 0 25
227 0 29
223 0 33
219 0 37
215 0 41
211 0 45
207 0 49
203 0 53
199 0 57
195 0 61
191 0 65
187 0 69
183 0 73
179 0 77
175 0 81
171 0 85
167 0 89
162 0 93
158 0 97
154 0 101
150 0 105
146 0 109
142 0 113
138 0 117
134 0 121
130 0 125
126 0 129
122 0 133
118 0 137
114 0 141
110 0 145
106 0 149
102 0 153
98 0 157
94 0 161
90 0 165
86 0 169
82 0 173
78 0 177
74 0 181
70 0 185
66 0 189
62 0 193
58 0 197
54 0 201
50 0 205
46 0 209
42 0 213
38 0 217
34 0 221
30 0 225
26 0 229
22 0 233
18 0 237
14 0 241
10 0 245
6 0 249
2 0 253
0 2 253
0 6 249
0 10 245
0 14 241
0 18 237
0 22 233
0 26 229
0 30 225
0 34 221
0 38 217
0 42 213
0 46 209
0 50 205
0 54 201
0 58 197
0 62 193
0 66 189
0 70 185
0 74 181
0 78 177
0 82 173
0 86 169
0 90 165
0 94 161
0 98 157
0 102 153
0 106 149
0 110 145
0 114 141
0 118 137
0 122 133
0 126 129
0 130 125
0 134 121
0 138 117
0 142 113
0 146 109
0 150 105
0 154 101
0 158 97
0 162 93
0 167 89
0 171 85
0 175 81
0 179 77
0 183 73
0 187 69
0 191 65
0 195 61
0 199 57
0 203 53
0 207 49
0 211 45
0 215 41
0 219 37
0 223 33
0 227 29
0 231 25
0 235 21
0 239 17
0 243 13
0 247 9
0 251 5
0 255 1
3 255 0
7 254 0
11 253 0
15 252 0
19 251 0
23 250 0
27 249 0
31 248 0
35 247 0
39 246 0
43 245 0
47 245 0
51 244 0
55 243 0
59 242 0
63 241 0
67 240 0
71 239 0
75 238 0
79 237 0
83 236 0
87 235 0
91 234 0
95 233 0
99 232 0
103 231 0
107 230 0
111 229 0
115 228 0
119 227 0
123 226 0
127 225 0
131 224 0
135 223 0
139 222 0
143 222 0
147 221 0
151 220 0
155 219 0
159 218 0
163 217 0
168 216 0
172 215 0
176 214 0
180 213 0
184 212 0
188 211 0
192 210 0
196 209 0
200 208 0
204 207 0
208 206 0
212 205 0
216 204 0
220 203 0
224 202 0
228 201 0
232 200 0
236 200 0
240 199 0
244 198 0
248 197 0
252 196 0
255 195 0